6371520
6375831
6324864
6311180
6311908
6311154
6311906
6310811
6311810
6311741
6310870
6311886
6310890
6311255
6311766
6310927
6311983
6311802
6311092
6311808
6310888
6311854
6311692
6310955
6311922
6311007
6311841
6311715
6310947
6310396
6307886
6310546
6309634
6308559
6307173
6307037
6307079
6307072
6307123
6310492
6309106
6310724
6307135
6307162
6307133
6307071
6307129
6307149
6307091
6307149
6307047
6307131
6307108
6307066
6307121
6307080
6307149
6309164
6306818
6307121
6307126
6307226
6307143
6307208
6307078
6307124
6307212
6307231
6307713
6307154
6307255
6307100
6307223
6307129
6307239
6307132
6307211
6307140
6307260
6307278
6309226
6309753
6307960
6307183
6307135
6307226
6307163
6307215
6307304
6307100
6307184
6307132
6307242
6307132
6307188
6307144
6307368
6310542
6309833
6311221
6307205
6307239
6307265
6307172
6307203
6307344
6307147
6307229
6307172
6307216
6307242
6307282
6310912
6307231
6307191
6308905
6307274
6307292
6307264
6307349
6307306
6307378
6307292
6307239
6307267
6307349
6307291
6307489
